
latitude: 44.441566467285156
longitude: 26.099489212036133


